 0. 			 6.932328431372569
 0.08040201005025126 			 6.890616312936994
 0.16080402010050251 			 6.8491048675254635
 0.24120603015075376 			 6.807794095137977
 0.32160804020100503 			 6.766683995774535
 0.4020100502512563 			 6.725774569435137
 0.4824120603015075 			 6.685065816119784
 0.5628140703517588 			 6.644557735828475
 0.6432160804020101 			 6.604250328561211
 0.7236180904522613 			 6.564143594317991
 0.8040201005025126 			 6.524237533098815
 0.8844221105527639 			 6.4845321449036835
 0.964824120603015 			 6.445027429732597
 1.0452261306532664 			 6.405723387585554
 1.1256281407035176 			 6.366620018462556
 1.206030150753769 			 6.327717322363601
 1.2864321608040201 			 6.289015299288692
 1.3668341708542713 			 6.250513949237827
 1.4472361809045227 			 6.212213272211006
 1.5276381909547738 			 6.17411326820823
 1.6080402010050252 			 6.136213937229497
 1.6884422110552764 			 6.09851527927481
 1.7688442211055277 			 6.0610172943441665
 1.849246231155779 			 6.023719982437568
 1.92964824120603 			 5.986623343555014
 2.0100502512562812 			 5.949727377696502
 2.090452261306533 			 5.913032084862036
 2.170854271356784 			 5.876537465051615
 2.251256281407035 			 5.840243518265238
 2.3316582914572863 			 5.804150244502905
 2.412060301507538 			 5.768257643764617
 2.492462311557789 			 5.732565716050373
 2.5728643216080402 			 5.697074461360173
 2.6532663316582914 			 5.661783879694018
 2.7336683417085426 			 5.626693971051907
 2.814070351758794 			 5.591804735433839
 2.8944723618090453 			 5.557116172839817
 2.9748743718592965 			 5.52262828326984
 3.0552763819095476 			 5.488341066723906
 3.1356783919597992 			 5.4542545232020165
 3.2160804020100504 			 5.420368652704172
 3.2964824120603016 			 5.386683455230371
 3.3768844221105527 			 5.353198930780615
 3.457286432160804 			 5.319915079354904
 3.5376884422110555 			 5.286831900953236
 3.6180904522613067 			 5.253949395575613
 3.698492462311558 			 5.2212675632220344
 3.778894472361809 			 5.1887864038925
 3.85929648241206 			 5.15650591758701
 3.9396984924623117 			 5.124426104305565
 4.0201005025125625 			 5.0925469640481635
 4.100502512562814 			 5.060868496814807
 4.180904522613066 			 5.029390702605494
 4.261306532663316 			 4.998113581420227
 4.341708542713568 			 4.967037133259002
 4.42211055276382 			 4.936161358121823
 4.50251256281407 			 4.905486256008688
 4.582914572864322 			 4.8750118269195974
 4.663316582914573 			 4.844738070854551
 4.743718592964824 			 4.81466498781355
 4.824120603015076 			 4.784792577796591
 4.9045226130653266 			 4.755120840803679
 4.984924623115578 			 4.72564977683481
 5.065326633165829 			 4.696379385889986
 5.1457286432160805 			 4.667309667969205
 5.226130653266332 			 4.638440623072469
 5.306532663316583 			 4.609772251199778
 5.386934673366834 			 4.581304552351131
 5.467336683417085 			 4.553037526526529
 5.547738693467337 			 4.52497117372597
 5.628140703517588 			 4.497105493949456
 5.708542713567839 			 4.469440487196986
 5.788944723618091 			 4.441976153468562
 5.869346733668341 			 4.41471249276418
 5.949748743718593 			 4.387649505083844
 6.030150753768845 			 4.360787190427552
 6.110552763819095 			 4.3341255487953045
 6.190954773869347 			 4.307664580187101
 6.2713567839195985 			 4.281404284602941
 6.351758793969849 			 4.255344662042827
 6.432160804020101 			 4.229485712506757
 6.5125628140703515 			 4.203827435994731
 6.592964824120603 			 4.17836983250675
 6.673366834170855 			 4.153112902042812
 6.7537688442211055 			 4.128056644602919
 6.834170854271357 			 4.103201060187071
 6.914572864321608 			 4.078546148795267
 6.994974874371859 			 4.054091910427507
 7.075376884422111 			 4.029838345083792
 7.155778894472362 			 4.005785452764121
 7.236180904522613 			 3.9819332334684945
 7.316582914572864 			 3.958281687196912
 7.396984924623116 			 3.9348308139493744
 7.477386934673367 			 3.9115806137258806
 7.557788944723618 			 3.8885310865264313
 7.63819095477387 			 3.8656822323510265
 7.71859296482412 			 3.843034051199666
 7.798994974874372 			 3.8205865430723502
 7.8793969849246235 			 3.7983397079690784
 7.959798994974874 			 3.776293545889851
 8.040201005025125 			 3.754448056834668
 8.120603015075377 			 3.732803240803529
 8.201005025125628 			 3.711359097796435
 8.28140703517588 			 3.6901156278133853
 8.361809045226131 			 3.6690728308543794
 8.442211055276381 			 3.648230706919419
 8.522613065326633 			 3.627589256008502
 8.603015075376884 			 3.607148478121629
 8.683417085427136 			 3.586908373258801
 8.763819095477388 			 3.566868941420017
 8.84422110552764 			 3.547030182605278
 8.924623115577889 			 3.5273920968145833
 9.00502512562814 			 3.5079546840479323
 9.085427135678392 			 3.4887179443053262
 9.165829145728644 			 3.469681877586764
 9.246231155778895 			 3.4508464838922466
 9.326633165829145 			 3.4322117632217735
 9.407035175879397 			 3.4137777155753444
 9.487437185929648 			 3.39554434095296
 9.5678391959799 			 3.37751163935462
 9.648241206030152 			 3.3596796107803244
 9.728643216080402 			 3.342048255230073
 9.809045226130653 			 3.324617572703866
 9.889447236180905 			 3.307387563201704
 9.969849246231156 			 3.290358226723585
 10.050251256281408 			 3.2735295632695114
 10.130653266331658 			 3.256901572839482
 10.21105527638191 			 3.240474255433497
 10.291457286432161 			 3.224247611051556
 10.371859296482413 			 3.2082216396936594
 10.452261306532664 			 3.192396341359807
 10.532663316582914 			 3.1767717160499997
 10.613065326633166 			 3.1613477637642364
 10.693467336683417 			 3.1461244845025176
 10.773869346733669 			 3.1311018782648423
 10.85427135678392 			 3.1162799450512124
 10.93467336683417 			 3.1016586848616265
 11.015075376884422 			 3.087238097696085
 11.095477386934673 			 3.073018183554588
 11.175879396984925 			 3.058998942437135
 11.256281407035177 			 3.0451803743437265
 11.336683417085426 			 3.0315624792743625
 11.417085427135678 			 3.018145257229043
 11.49748743718593 			 3.0049287082077676
 11.577889447236181 			 2.9919128322105366
 11.658291457286433 			 2.9790976292373497
 11.738693467336683 			 2.9664830992882076
 11.819095477386934 			 2.9540692423631096
 11.899497487437186 			 2.941856058462056
 11.979899497487438 			 2.929843547585047
 12.06030150753769 			 2.918031709732082
 12.14070351758794 			 2.906420544903162
 12.22110552763819 			 2.895010053098286
 12.301507537688442 			 2.8838002343174542
 12.381909547738694 			 2.8727910885606667
 12.462311557788945 			 2.8619826158279236
 12.542713567839197 			 2.851374816119225
 12.623115577889447 			 2.840967689434571
 12.703517587939698 			 2.830761235773961
 12.78391959798995 			 2.8207554551373955
 12.864321608040202 			 2.8109503475248743
 12.944723618090453 			 2.8013459129363976
 13.025125628140703 			 2.7919421513719653
 13.105527638190955 			 2.782739062831577
 13.185929648241206 			 2.7737366473152334
 13.266331658291458 			 2.7649349048229337
 13.34673366834171 			 2.756333835354679
 13.42713567839196 			 2.7479334389104686
 13.507537688442211 			 2.7397337154903023
 13.587939698492463 			 2.73173466509418
 13.668341708542714 			 2.7239362877221027
 13.748743718592966 			 2.7163385833740694
 13.829145728643216 			 2.7089415520500806
 13.909547738693467 			 2.701745193750136
 13.989949748743719 			 2.6947495084742363
 14.07035175879397 			 2.6879544962223805
 14.150753768844222 			 2.681360156994569
 14.231155778894472 			 2.674966490790802
 14.311557788944723 			 2.6687734976110797
 14.391959798994975 			 2.6627811774554013
 14.472361809045227 			 2.6569895303237674
 14.552763819095478 			 2.651398556216178
 14.633165829145728 			 2.646008255132633
 14.71356783919598 			 2.640818627073132
 14.793969849246231 			 2.6358296720376755
 14.874371859296483 			 2.6310413900262635
 14.954773869346734 			 2.626453781038896
 15.035175879396984 			 2.6220668450755724
 15.115577889447236 			 2.617880582136294
 15.195979899497488 			 2.613894992221059
 15.27638190954774 			 2.6101100753298687
 15.35678391959799 			 2.606525831462723
 15.43718592964824 			 2.603142260619621
 15.517587939698492 			 2.599959362800564
 15.597989949748744 			 2.5969771380055513
 15.678391959798995 			 2.594195586234583
 15.758793969849247 			 2.591614707487659
 15.839195979899499 			 2.5892345017647793
 15.919597989949748 			 2.5870549690659437
 16. 			 2.585076109391153
